NAME : single
TYPE : ATSP
DIMENSION : 19
EDGE_WEIGHT_TYPE : EXPLICIT
EDGE_WEIGHT_FORMAT : FULL_MATRIX
EDGE_WEIGHT_SECTION
0 619 587 502 118 552 393 496 401 468 624 417 564 629 736 883 720 856 814 
0 0 47 160 230 96 210 121 171 259 487 274 391 420 569 703 548 665 645 
0 47 0 125 197 130 176 156 205 224 440 227 339 380 545 641 500 647 595 
0 160 125 0 179 256 170 281 268 240 517 287 420 460 626 778 580 777 623 
0 230 197 179 0 231 119 257 293 203 456 287 341 430 527 631 503 672 595 
0 96 130 256 231 0 293 62 108 244 441 222 340 379 477 680 456 662 596 
0 210 176 170 119 293 0 267 218 87 329 237 284 277 437 604 395 552 489 
0 121 156 281 257 62 267 0 53 219 379 159 276 311 485 611 439 578 489 
0 171 205 268 293 108 218 53 0 169 339 123 242 282 442 592 425 542 494 
0 259 224 240 203 244 87 219 169 0 250 188 235 191 348 466 328 413 383 
0 487 440 517 456 441 329 379 339 250 0 242 94 267 275 293 76 174 167 
0 274 227 287 287 222 237 159 123 188 242 0 122 289 323 418 288 401 381 
0 391 339 420 341 340 284 276 242 235 94 122 0 263 270 288 157 239 252 
0 420 380 460 430 379 277 311 282 191 267 289 263 0 140 234 279 252 269 
0 569 545 626 527 477 437 485 442 348 275 323 270 140 0 95 286 259 276 
0 703 641 778 631 680 604 611 592 466 293 418 288 234 95 0 295 277 294 
0 548 500 580 503 456 395 439 425 328 76 288 157 279 286 295 0 108 94 
0 665 647 777 672 662 552 578 542 413 174 401 239 252 259 277 108 0 104 
0 645 595 623 595 596 489 489 494 383 167 381 252 269 276 294 94 104 0 
EOF