%YAML:1.0
---
model_type: PINHOLE
camera_name: camera
image_width: 640
image_height: 480
distortion_parameters:
   k1: 0.0
   k2: 0.0
   p1: 0.0
   p2: 0.0
projection_parameters:
   fx: 387.7575378417969
   fy: 387.7575378417969
   cx: 323.928955078125
   cy: 239.2601776123047
